A01 4995.033843 -2893.722229 106
A02 4983.650477 -1940.530003 106
A03 4995.312645 -990.4847443 106
A04 5000 0 106
A05 5031.220295 967.1180348 106
A06 5000.477392 1877.999407 106
A07 4995.033861 2816.538361 106
B01 6137.466819 -2892.776216 106
B02 6090.837076 -1936.810387 106
B03 6138.378867 -999.5186614 106
B04 6139.375673 1.754031892 106
B05 6143.222085 958.117041 106
B06 6149.974845 1862.359486 106
B07 6146.435605 2805.628522 106
C01 7272.343923 -2883.291539 106
C02 7278.756243 -1935.783817 106
C03 7279.918714 -990.8136333 106
C06 7279.082334 1864.864798 106
C07 7278.803541 2816.757608 106
D01 8424.870309 -2896.134039 106
D07 8420.688381 2816.867231 106
E01 9577.859721 -2897.32383 106
E02 9563.678935 -1941.102671 106
E03 9554.081828 -1003.428476 106
E04 9551.15657 2.805811854 106
E05 9562.733628 963.6673897 106
E06 9562.852014 1865.084045 106
E07 9561.708462 2821.130431 106
F01 10705.84257 -2892.885858 106
F02 10705.56378 -1940.993048 106
F03 10705.1715 -974.6784787 106
F04 10692.20502 3.463571529 106
F05 10704.61847 963.7770132 106
F06 10704.73686 1865.193668 106
F07 10709.07011 2794.934074 106
   
   
   
   
   
   
   
   
   
   
   
   
   
   
   
   
   
   
   
